87.45 53.06
52.08 88.61
30.83 40.32
79.00 14.93
1.89 6.89
70.81 16.50
59.22 21.46
28.49 41.81
42.88 67.55
69.58 83.21
44.13 32.72
49.38 9.48
28.26 36.00
39.46 55.79
97.52 54.27
37.22 93.99
15.16 65.39
46.25 13.84
23.43 94.50
79.44 37.83
40.94 96.33
45.02 40.04
2.27 47.79
99.27 52.66
78.60 81.08
20.31 45.83
7.09 84.04
11.25 66.79
29.84 65.12
45.20 69.84
35.34 16.87
89.16 17.26
12.88 51.66
67.41 9.37
81.67 56.64
47.83 82.40
79.20 39.64
4.20 40.47
60.11 30.19
45.48 86.17
46.85 65.00
61.32 23.80
36.07 81.46
6.29 37.97
82.53 26.34
32.61 48.25
67.31 42.68
58.29 42.56
57.32 49.67
27.69 14.03
32.44 70.28
13.69 91.16
7.25 17.33
18.62 16.42
91.21 96.26
65.30 89.80
31.95 35.90
68.74 94.50
33.36 27.89
12.97 40.11
61.27 98.94
32.83 89.39
29.48 58.53
44.81 92.59
70.76 45.54
28.58 78.15
38.12 84.01
80.64 20.79
19.30 12.69
42.99 16.06
12.49 95.48
80.87 70.58
51.85 33.52
65.87 12.75
89.81 36.56
42.55 59.23
50.80 84.45
85.27 6.82
63.84 44.06
35.73 15.95
5.39 71.51
6.67 59.72
19.01 19.59
76.96 8.58
21.19 72.55
39.29 26.99
49.27 80.31
46.31 56.82
62.91 17.17
87.79 37.62
38.23 14.94
67.03 92.57
72.69 18.52
4.52 45.04
78.94 58.60
54.24 48.19
5.56 6.07
85.60 26.63
57.97 56.96
21.39 50.75
23.98 22.18
17.68 28.77
32.66 14.72
68.81 72.44
29.51 13.16
22.99 30.02
23.03 3.18
85.48 3.86
43.26 45.45
15.09 81.71
18.47 33.55
13.91 41.99
80.35 1.80
24.68 92.36
20.77 37.45
93.31 9.40
58.30 2.67
15.36 82.78
55.60 70.96
87.53 75.73
94.15 32.69
70.72 72.78
84.26 12.98
11.08 26.81
68.03 95.13
31.57 36.55
3.71 3.58
21.10 63.98
83.52 57.31
78.33 57.07
13.02 54.74
1.28 19.63
21.32 87.99
7.35 53.61
6.19 66.52
62.97 45.79
89.40 71.39
75.51 93.06
11.67 40.86
87.54 32.21
80.73 45.49
88.35 87.10
61.26 80.84
63.26 23.92
57.91 25.87
72.76 45.04
60.69 1.04
0.21 5.06
85.96 29.17
56.43 59.88
40.11 68.40
31.46 71.21
53.66 8.47
59.02 33.82
12.15 57.61
22.00 48.70
66.71 62.58
84.70 71.21
95.91 96.10
5.82 35.25
11.95 68.31
32.61 52.19
24.32 41.65
2.92 46.82
91.37 2.91
94.31 67.79
45.53 92.93
97.80 27.02
46.81 99.83
83.63 37.39
1.89 72.30
13.23 35.80
15.69 50.59
12.66 96.75
64.13 37.69
15.71 10.61
58.23 19.49
92.02 64.73
53.87 76.82
29.61 80.76
24.20 9.04
96.97 36.06
87.54 97.87
90.68 16.24
72.15 61.89
9.60 6.48
58.51 31.42
44.19 77.11
69.08 28.46
38.00 78.43
95.07 9.30
38.45 86.03
7.23 12.71
88.28 87.70
35.88 32.45
6.26 29.92
38.69 58.50
26.19 30.88
55.75 12.32
66.00 14.31
50.93 54.44
3.78 49.69
79.24 89.80
75.08 44.86
45.01 87.82
2.76 40.52
48.53 47.63
42.23 86.86
59.62 13.95
48.59 48.18
92.40 96.92
95.59 90.45
88.08 47.56
91.00 16.23
68.31 11.07
53.57 85.11
94.41 30.81
43.73 32.08
66.72 17.03
7.49 51.29
83.96 26.36
46.10 44.76
36.67 59.00
16.96 98.29
0.13 11.58
73.98 80.02
60.21 49.36
22.42 26.02
59.14 83.04
56.43 27.82
41.66 40.23
15.64 48.28
91.98 65.64
94.42 88.60
61.72 98.10
94.96 82.77
25.13 19.30
19.38 62.49
92.32 73.38
84.00 50.90
93.82 48.49
90.64 52.48
94.10 45.90
7.49 67.16
23.19 6.00
94.40 21.03
9.97 58.01
45.88 65.67
48.67 72.87
86.53 66.60
50.70 9.86
36.50 91.78
47.69 35.72
40.26 78.19
57.07 95.68
3.67 24.55
41.62 69.24
89.16 30.31
70.06 15.12
42.48 32.44
56.70 31.46
36.39 84.03
50.25 66.08
25.28 72.93
39.42 81.17
35.24 50.57
78.96 16.24
2.08 32.08
82.85 17.76
9.16 41.93
56.72 41.96
62.42 85.74
65.18 65.28
4.60 16.42
21.37 33.35
91.38 16.03
44.10 85.06
35.02 27.85
57.10 53.15
77.61 54.00
30.75 89.21
81.39 88.60
68.65 80.03
0.38 63.41
46.50 67.17
26.06 71.07
82.40 82.88
36.89 48.62
99.82 43.44
22.61 95.84
2.34 81.14
61.13 89.26
80.14 11.06
19.46 59.72
61.75 73.70
42.08 66.31
99.91 63.26
29.08 89.04
3.14 89.40
49.25 63.30
12.96 94.45
85.37 87.21
68.83 77.58
84.71 77.50
28.50 28.97
94.69 87.93
8.33 34.70
38.60 33.81
3.25 9.17
15.68 46.53
52.21 22.78
6.63 26.44
29.22 74.50
60.03 65.26
29.50 60.57
47.86 20.86
62.75 41.68
38.63 47.17
35.25 29.33
94.06 55.19
96.51 93.89
81.18 25.35
94.19 76.67
12.35 9.58
65.26 64.26
33.17 27.22
42.32 81.36
24.84 55.68
19.38 67.90
69.99 23.32
38.51 72.74
64.87 28.41
69.67 62.11
7.22 16.50
1.62 88.90
36.48 12.07
9.23 76.14
80.12 81.73
45.11 2.71
3.57 34.93
56.16 35.58
61.80 98.02
69.83 10.23
51.18 36.74
4.25 98.08
36.66 24.74
46.63 25.31
86.57 45.00
0.74 80.38
48.69 24.97
95.61 18.87
80.06 73.50
42.74 68.30
66.77 90.86
64.50 91.22
25.30 16.49
60.75 41.93
11.38 46.86
61.48 17.56
38.04 60.07
55.54 68.22
91.48 16.98
20.62 37.45
50.53 49.15
72.42 76.01
55.14 42.05
30.56 26.98
81.79 66.65
86.58 68.76
46.14 43.08
85.97 91.27
18.42 54.98
15.48 43.20
53.71 30.35
35.09 79.53
24.30 80.42
16.16 2.68
2.21 90.13
89.53 82.08
90.35 28.61
76.40 30.20
76.46 76.51
81.53 2.39
88.66 47.37
2.73 66.63
62.08 6.86
30.24 30.66
17.15 76.75
75.94 36.08
96.90 35.22
85.13 64.09
53.49 2.83
93.49 11.65
8.46 69.63
51.04 27.93
99.05 17.94
50.80 61.66
78.73 6.17
7.35 59.66
23.88 14.51
78.58 31.21
35.22 78.70
45.83 22.46
64.62 19.50
80.08 24.69
94.49 65.79
35.39 50.92
21.83 12.40
25.14 70.56
29.78 9.38
77.97 1.28
58.53 19.39
82.73 30.43
71.68 45.37
43.27 22.94
96.61 90.18
16.11 26.21
83.96 98.98
74.66 28.25
40.17 33.60
19.86 59.25
66.48 65.86
11.43 36.26
15.61 92.41
56.08 22.45
55.05 50.01
22.10 51.53
70.85 36.78
58.67 83.47
40.11 93.11
36.77 95.40
9.62 98.06
19.53 6.48
93.81 43.59
29.81 92.96
11.70 7.53
5.58 80.16
56.38 48.27
36.01 65.38
44.77 34.05
59.24 43.06
64.74 82.93
32.82 75.75
24.46 73.92
73.98 75.53
95.77 47.53
33.96 56.04
27.44 67.59
50.16 21.68
41.45 48.48
6.64 26.79
84.21 15.27
7.87 67.95
32.61 56.28
21.15 53.33
48.35 55.56
2.90 35.16
25.34 11.59
52.39 88.25
81.64 63.80
39.47 85.37
51.75 19.51
51.97 20.83
52.51 82.69
29.44 22.70
72.08 60.06
97.30 93.06
53.38 37.19
12.10 68.86
50.18 91.48
69.18 84.80
48.65 55.47
76.89 72.39
11.58 66.51
68.44 67.39
96.67 74.38
80.56 2.45
21.27 52.93
32.03 42.02
95.80 28.02
5.17 28.79
12.47 44.27
1.35 21.60
83.93 24.04
38.70 31.37
17.13 24.48
76.61 7.83
52.64 88.87
43.27 67.35
2.74 99.55
67.10 14.11
7.41 56.05
80.21 88.08
82.59 41.92
76.15 29.34
9.34 66.78
23.22 88.46
79.21 85.47
96.35 59.90
3.44 31.19
0.89 64.46
28.23 1.16
78.40 16.11
45.49 58.62
96.00 2.50
7.13 2.07
15.10 73.78
90.84 84.22
56.93 6.41
62.18 97.26
41.88 55.06
20.02 99.29
52.44 10.61
46.95 79.15
84.45 89.49
92.84 69.98
79.69 12.65
2.77 29.33
92.88 99.72
41.41 53.93
28.88 6.20
53.43 49.25
81.34 14.88
64.36 40.10
94.23 50.36
46.37 61.64
81.17 79.63
36.90 12.85
49.44 0.10
21.71 51.41
44.16 51.27
61.73 61.93
92.26 34.45
34.88 61.79
98.97 82.44
2.00 98.21
18.85 0.15
27.89 27.37
49.47 78.35
20.92 26.34
42.47 55.89
2.72 66.87
78.54 86.39
66.46 81.59
61.62 22.68
76.73 60.34
75.59 27.62
93.86 45.14
71.75 56.68
18.48 55.21
53.33 3.68
19.99 39.15
4.32 46.50
85.62 85.31
37.60 61.43
78.58 49.82
62.04 40.18
62.54 5.71
30.05 82.41
0.36 81.02
56.62 25.38
91.14 75.11
67.54 6.20
26.95 28.37
96.62 20.91
66.13 96.70
54.47 63.71
37.49 99.18
48.71 58.64
73.47 61.63
67.85 79.58
73.07 59.51
29.96 38.11
61.73 63.60
62.51 86.68
57.87 7.95
77.14 91.06
79.87 60.78
64.74 50.77
51.10 61.17
64.16 14.78
52.27 73.28
98.34 28.44
25.94 43.97
77.17 14.59
81.55 11.12
45.31 19.94
10.67 76.11
69.70 95.15
40.27 25.35
24.05 80.33
23.18 76.08
90.52 97.51
64.41 31.83
69.98 4.60
52.74 21.61
76.21 15.13
97.24 27.87
52.69 30.79
58.03 11.81
10.75 16.23
40.43 90.38
66.90 69.55
38.80 39.21
52.95 18.49
47.60 43.85
84.13 4.85
11.35 67.95
73.11 32.72
83.43 98.98
42.90 38.54
38.10 69.33
9.82 2.07
72.49 63.52
3.44 93.88
80.49 49.95
35.59 57.43
0.87 0.01
13.69 79.87
80.51 47.11
85.10 18.68
55.60 58.24
11.58 91.85
3.45 23.47
25.05 53.10
28.69 15.45
92.09 23.32
52.50 69.48
16.88 94.79
71.81 62.45
87.57 51.72
74.54 71.45
86.66 69.51
93.97 81.22
87.82 1.10
21.54 22.20
28.69 77.30
46.45 77.51
22.90 33.56
33.63 9.05
92.50 4.80
6.44 41.71
20.16 8.31
8.19 71.62
24.70 91.26
3.05 83.76
34.11 57.08
18.97 96.40
91.19 22.23
88.16 65.74
78.21 72.34
72.75 58.01
22.30 68.60
6.62 0.34
9.25 31.44
75.06 80.18
54.69 98.01
70.63 84.38
31.26 81.90
43.71 62.06
5.05 39.78
21.09 46.50
74.36 56.27
82.12 64.90
51.33 71.46
10.86 60.66
61.87 47.64
77.85 89.06
67.53 94.33
99.54 74.80
22.44 41.30
85.27 36.48
74.11 92.15
72.75 73.48
93.17 91.49
55.58 15.49
65.45 16.22
97.08 72.62
15.94 70.85
20.50 25.77
48.28 81.83
11.11 19.89
97.82 5.48
62.22 1.06
26.20 8.39
14.37 38.45
27.26 26.68
75.01 9.33
51.65 36.23
24.59 70.22
62.34 67.84
92.19 9.01
55.78 92.83
58.94 39.25
30.59 3.64
91.60 29.51
95.19 97.31
40.45 74.37
69.67 27.33
65.24 90.55
94.01 71.98
89.35 85.75
9.30 7.02
7.04 63.32
18.66 18.01
14.69 70.30
17.20 71.81
95.62 49.06
81.21 60.57
63.99 42.31
10.55 71.24
95.47 97.35
43.05 37.01
99.64 59.80
95.67 94.09
50.59 63.76
6.67 11.95
78.15 15.58
72.40 50.28
70.37 45.42
6.80 65.87
62.75 97.13
35.63 78.63
97.06 17.19
42.42 80.39
25.85 96.84
66.52 54.06
30.79 91.76
62.01 35.61
14.10 70.93
73.81 45.22
40.20 49.68
91.30 48.34
41.32 47.01
75.94 30.35
43.53 87.92
96.49 72.50
22.15 53.75
34.80 98.67
1.77 7.11
52.25 5.23
21.50 0.50
82.36 72.27
61.27 46.67
26.09 16.80
43.32 93.40
41.01 42.56
68.47 43.07
15.83 85.24
75.37 15.99
25.32 98.88
44.20 15.25
56.28 56.41
80.69 58.98
92.25 11.56
30.75 57.83
99.99 88.38
94.49 1.77
7.99 47.35
44.18 88.51
25.80 50.51
93.47 24.85
2.32 14.30
47.31 85.93
42.11 60.30
52.53 9.79
74.84 50.41
79.86 32.43
59.42 23.77
9.17 37.00
28.75 3.72
52.90 83.93
92.77 94.52
11.73 58.63
71.25 74.22
86.16 69.11
68.88 76.97
62.33 15.12
10.77 22.45
50.77 61.23
43.28 41.98
59.14 92.26
28.12 69.71
43.16 91.39
37.82 57.07
51.23 12.23
27.88 61.00
90.79 2.54
88.00 7.29
88.30 62.28
53.94 66.89
2.44 10.05
70.35 52.15
24.85 49.69
96.54 37.30
68.56 12.56
56.67 74.88
20.68 82.89
6.92 55.55
39.48 71.85
4.70 56.13
75.56 58.61
18.48 4.67
52.75 22.60
92.90 92.23
1.08 7.36
5.57 79.18
13.97 92.53
70.79 51.65
72.23 79.02
34.09 6.14
52.33 8.98
19.06 85.09
38.72 61.91
25.32 95.12
30.64 12.84
29.11 72.25
77.68 51.18
60.46 87.26
71.86 20.80
0.57 42.22
25.57 68.06
63.89 58.77
69.35 5.33
95.26 77.73
92.91 48.66
71.43 39.05
72.71 82.09
49.51 28.41
8.73 74.40
83.54 14.20
18.75 20.08
64.25 8.47
21.33 80.02
74.61 92.97
32.64 70.20
92.93 37.36
74.50 70.71
1.95 10.91
31.03 74.01
93.99 17.68
29.80 70.81
44.62 15.56
33.76 35.72
49.76 1.20
89.14 97.61
93.09 84.40
6.12 83.93
84.69 41.50
73.74 90.65
7.08 32.84
0.89 4.36
14.06 19.88
23.23 61.86
10.85 80.91
95.33 41.56
69.60 84.71
28.02 78.90
46.53 46.20
47.13 90.57
8.36 94.40
91.41 41.86
95.13 36.99
36.64 98.99
73.47 20.43
32.47 97.16
45.33 73.95
32.53 5.24
0.04 53.38
9.04 68.34
30.07 11.91
5.90 42.70
39.38 76.47
36.48 70.11
54.09 54.26
8.81 93.40
43.82 59.58
89.84 22.62
46.28 58.67
74.99 24.19
44.58 67.95
47.11 99.07
9.51 92.96
93.75 49.02
34.76 0.31
59.13 22.57
93.02 6.77
8.14 90.38
15.11 37.66
50.11 62.90
52.11 71.84
6.68 45.85
42.84 65.58
35.69 43.11
69.02 13.38
71.79 42.25
64.31 60.83
20.28 1.87
41.98 71.55
22.46 42.59
53.80 80.11
83.74 98.75
83.12 22.28
63.49 55.73
12.23 61.07
69.14 89.36
86.97 0.65
38.02 83.75
27.57 55.35
89.37 80.28
61.03 70.47
13.61 23.80
54.16 89.96
97.59 78.79
72.77 40.41
4.89 11.82
87.26 9.72
83.87 21.20
52.01 85.98
56.85 67.13
5.81 90.95
78.58 73.86
64.66 18.39
78.90 72.94
9.85 82.73
62.20 56.18
56.53 74.30
34.72 68.75
16.48 13.96
73.88 16.65
62.66 20.45
28.38 59.59
10.22 96.51
86.64 67.55
3.72 58.58
29.10 90.76
16.08 64.81
87.49 59.84
45.41 91.06
34.93 36.07
62.67 85.92
31.14 55.41
12.96 61.86
95.59 14.20
77.64 33.18
44.16 1.53
11.08 85.24
39.14 86.85
80.48 82.11
32.30 58.56
98.10 35.88
23.90 83.52
31.64 49.33
25.18 33.84
23.74 6.77
37.92 74.80
40.45 18.89
71.17 4.58
37.35 57.64
29.49 38.39
71.63 68.00
2.55 26.45
89.14 55.31
84.92 7.55
10.64 41.99
2.54 26.14
83.75 46.92
1.58 82.45
70.36 55.14
61.05 23.51
44.60 35.29
14.16 29.45
16.07 60.93
81.50 60.23
14.95 61.82
95.72 74.20
3.24 38.75
21.51 78.80
28.96 61.91
6.87 16.76
75.57 39.25
42.42 77.15
60.73 71.69
21.91 98.80
44.56 59.17
44.34 20.93
66.90 38.37
52.85 66.14
86.21 0.52
1.71 9.27
35.23 39.62
12.45 86.80
42.20 62.06
27.26 13.17
82.03 37.10
4.62 72.89
69.75 87.79
20.89 36.31
12.86 60.68
4.55 20.39
96.83 99.59
57.40 4.10
4.16 43.18
53.79 26.18
59.18 52.51
88.38 37.53
93.33 57.91
74.26 50.49
75.43 4.16
70.22 72.53
84.09 92.54
59.37 71.27
4.76 38.40
11.54 88.79
53.71 48.74
77.74 23.41
54.67 57.36
75.00 33.91
67.26 19.96
68.72 61.63
68.26 19.50
8.52 15.63
8.68 9.59
17.87 39.30
85.48 51.17
31.12 63.05
60.66 28.51
77.13 83.72
12.79 65.47
36.51 71.96
36.74 93.40
3.24 6.30
37.27 25.43
94.57 30.22
47.31 71.96
69.37 85.22
78.54 36.56
20.21 26.40
67.22 97.85
36.23 87.11
10.28 31.84
3.44 11.50
42.92 58.71
81.07 35.60
50.12 28.78
66.48 13.66
57.69 54.29
14.71 89.91
27.88 63.29
65.30 54.07
71.87 0.80
31.94 25.89
37.28 50.12
77.99 17.76
21.76 90.25
11.40 43.40
90.21 69.24
18.44 23.15
85.48 13.77
10.81 58.79
5.12 51.20
79.84 25.42
58.60 13.68
99.18 41.13
11.23 36.99
19.16 75.87
77.28 95.97
12.24 47.55
93.65 4.57
79.38 77.44
42.62 5.66
56.02 63.05
85.59 76.85
10.21 40.25
33.67 90.42
71.42 56.08
68.95 98.21
61.14 23.17
93.60 25.73
17.56 81.00
24.87 9.90
97.52 81.30
41.56 28.39
17.87 91.38
71.89 17.66
87.42 66.54
86.48 38.44
91.40 8.49
38.56 68.70
61.15 7.70
44.29 93.61
5.25 19.92
1.25 45.30
84.89 27.33
76.08 40.63
98.60 53.42
33.32 46.16
13.62 13.85
53.91 52.92
35.46 93.15
42.00 84.22
89.35 96.20
35.72 49.04
79.16 89.49
2.60 36.41
4.56 12.56
11.65 93.71
32.78 98.81
20.65 74.62
85.18 80.59
84.30 13.20
38.27 83.02
93.50 0.68
29.61 4.96
10.54 88.51
54.45 79.44
24.60 85.93
73.73 49.47
69.72 15.02
57.62 43.09
96.04 92.69
51.21 73.83
67.05 80.76
72.53 76.02
97.81 13.39
7.69 85.31
67.29 43.97
68.84 50.68
38.01 83.95
72.72 73.13
69.38 89.19
17.68 48.24
30.55 24.03
64.02 37.58
52.12 80.66
34.30 91.04
31.21 7.75
36.17 96.57
21.19 34.84
29.42 2.20
47.31 85.46
4.42 71.37
37.89 90.27
67.55 90.58
70.97 48.18
11.36 75.26
7.20 62.45
94.56 53.28
21.12 1.14
18.82 45.82
59.29 12.08
52.39 14.63
48.98 19.76
48.14 23.44
15.27 39.05
43.24 18.31
32.78 38.10
61.45 93.58
86.62 93.05
52.08 19.37
31.88 73.78
78.34 73.91
4.72 81.54
19.37 11.26
69.92 48.16
67.71 92.72
86.01 19.17
8.87 16.53
67.42 70.29
81.10 56.98
33.28 83.48
36.42 51.34
0.84 30.56
72.26 73.80
29.50 37.42
16.44 74.34
2.58 68.33
34.14 30.73
94.22 40.01
61.45 23.99
75.14 88.92
91.51 88.48
61.22 74.66
74.86 40.38
79.43 54.56
0.87 67.53
95.30 48.20
14.73 3.99
53.47 37.40
35.12 71.88
65.14 36.46
49.55 2.91
82.98 78.57
34.23 12.27
33.86 32.01
49.28 4.88
6.43 65.75
29.72 88.77
94.59 12.87
92.10 69.25
74.19 81.45
64.82 96.08
38.85 90.98
17.96 35.45
90.05 47.20
92.15 27.85
70.66 80.33
94.55 44.18
85.13 24.80
66.52 81.48
76.98 55.21
14.76 33.29
63.52 88.57
89.35 13.56
71.35 84.19
67.51 94.50
34.78 77.50
18.58 22.10
79.43 61.61
39.03 83.75
11.97 84.88
18.81 84.77
89.13 85.70
50.93 21.37
23.20 12.48
81.03 65.26
10.91 6.34
6.20 33.91
13.32 15.68
50.42 17.82
17.58 57.19
49.30 20.99
8.01 20.68
42.34 82.78
35.25 98.85
78.66 41.13
18.64 47.18
15.02 3.38
69.18 25.58
2.11 51.39
92.07 4.43
5.34 42.44
38.47 45.64
33.80 4.79
12.44 77.03
77.25 53.46
77.91 30.35
78.74 72.97
61.69 84.27
49.02 63.10
94.39 98.91
92.05 92.04
22.39 16.20
52.35 53.68
0.13 33.62
31.90 11.51
72.67 26.82
74.61 32.29
16.84 38.42
97.10 81.14
25.38 39.38
58.82 34.93
96.15 52.61
6.23 74.60
59.25 5.25
19.62 61.91
86.25 69.95
97.45 75.65
68.24 60.38
93.03 69.44
40.91 82.00
54.10 99.34
65.33 25.62
35.70 69.34
20.39 58.62
93.31 68.49
73.11 14.45
98.76 16.70
32.92 68.30
83.17 11.82
66.81 10.57
44.33 50.28
34.12 63.22
82.88 43.31
97.58 30.27
48.63 3.06
25.02 24.53
74.94 6.06
20.17 93.92
95.73 17.69
28.07 12.86
57.34 40.69
48.36 53.59
31.44 23.70
13.67 28.70
58.91 60.47
97.01 55.98
10.73 71.67
28.30 33.03
57.60 44.02
9.68 73.21
98.04 69.71
32.46 11.72
77.92 19.65
54.03 16.74
89.82 85.39
26.31 9.16
91.94 92.02
7.46 88.84
21.28 64.14
71.59 4.39
50.32 36.39
18.34 24.91
85.57 64.39
35.86 93.00
38.07 0.67
90.55 55.67
36.12 38.76
27.46 62.10
28.54 0.79
6.82 93.67
12.45 10.08
3.47 16.56
92.22 28.76
22.42 70.36
82.88 60.84
69.00 65.23
6.91 13.92
93.73 21.03
31.50 4.77
92.55 5.68
1.73 48.84
85.60 10.58
67.64 22.09
18.57 51.54
63.25 18.29
1.46 77.57
61.51 10.45
98.66 41.14
42.69 1.70
16.79 83.81
3.86 23.31
14.66 79.80
57.09 87.81
53.71 83.67
19.28 40.36
22.03 80.61
95.58 52.99
53.07 55.13
80.19 16.18
33.08 3.96
9.37 49.38
75.82 38.23
11.26 99.62
29.09 24.27
76.50 81.68
93.67 28.68
26.39 90.00
20.39 65.55
23.30 13.90
73.21 71.51
72.34 11.22
82.79 60.67
89.70 87.95
9.03 44.47
66.61 54.32
17.79 68.99
11.61 46.16
45.71 2.44
32.46 17.20
87.63 64.11
48.52 32.38
60.84 52.85
4.09 83.18
23.73 30.26
71.68 12.85
33.98 18.03
15.72 14.18
19.02 28.92
51.11 7.54
36.69 64.86
47.05 81.17
2.12 12.16
84.97 98.14
19.44 75.36
81.18 33.53
55.91 58.74
54.52 5.90
69.00 4.63
13.61 3.69
43.08 36.53
32.21 73.84
20.19 66.62
27.43 47.35
41.41 48.82
94.39 97.35
25.93 58.21
80.34 98.45
82.99 3.67
82.13 90.04
9.56 97.06
69.62 82.89
53.41 80.49
81.23 28.29
67.45 91.75
27.92 71.62
33.72 44.99
79.79 16.32
33.78 31.14
11.81 66.24
51.66 34.76
79.59 13.27
75.78 45.17
46.31 80.96
71.15 29.87
87.51 43.37
99.08 79.35
42.20 86.28
22.76 13.34
12.17 90.58
43.64 17.60
77.74 88.84
67.79 64.12
66.63 25.08
47.41 65.97
33.42 61.18
32.20 84.28
20.63 6.35
53.21 39.77
14.42 64.27
76.27 72.20
6.84 91.66
56.17 86.08
51.65 78.26
25.22 93.99
95.21 93.59
57.82 10.68
67.11 15.53
39.39 9.12
83.39 16.09
13.23 50.29
98.45 32.35
33.12 60.40
84.68 62.01
4.23 98.74
50.36 84.84
40.99 1.12
24.59 4.98
85.02 6.14
97.33 79.13
96.43 77.54
24.68 71.22
58.27 98.80
65.76 42.40
89.25 26.04
30.74 83.47
54.38 48.63
96.69 48.29
53.39 56.46
0.09 65.21
58.50 83.39
13.42 55.96
44.87 21.81
73.43 5.34
27.94 37.43
48.97 25.90
44.82 45.70
52.22 85.93
41.94 2.10
94.02 72.43
18.65 25.59
55.48 98.05
64.95 22.73
47.35 25.42
75.03 8.65
17.23 61.74
12.88 82.17
40.31 80.45
28.09 48.15
34.66 54.42
73.25 21.51
87.94 98.87
13.47 90.36
66.70 8.82
93.49 97.82
18.72 49.86
18.36 41.28
66.87 16.04
26.66 82.49
86.66 32.00
67.57 25.20
7.57 7.76
93.73 9.09
59.44 13.61
58.44 66.85
9.80 61.80
26.06 66.65
34.11 65.27
84.37 77.32
37.78 83.46
80.85 46.54
51.74 20.90
61.55 27.51
19.01 14.78
54.94 39.88
37.16 30.70
64.15 19.90
81.94 31.12
6.96 92.77
78.11 80.67
98.46 78.16
71.35 23.76
17.88 4.05
3.94 57.01
71.37 35.35
18.65 44.58
71.25 28.39
80.67 49.83
58.76 76.39
68.41 11.49
41.27 38.63
64.39 28.42
92.87 13.13
27.70 0.82
61.43 53.47
22.99 25.10
20.62 18.28
55.21 55.50
70.77 93.97
25.61 61.83
55.82 56.45
2.20 28.43
58.99 65.29
66.68 76.46
69.53 38.14
59.24 43.55
11.67 54.04
84.05 49.65
54.79 92.05
95.82 76.54
20.99 47.73
44.87 86.44
30.61 56.11
17.75 85.79
15.21 33.25
15.33 32.65
0.76 84.53
67.50 60.77
94.99 57.53
23.48 17.06
87.00 30.43
68.39 77.49
17.10 73.88
78.51 1.32
45.37 14.39
83.25 37.61
76.12 97.27
83.44 25.25
15.60 72.00
16.99 38.93
6.86 16.26
23.18 64.57
68.65 17.42
91.51 13.73
72.62 87.36
35.36 5.75
84.64 77.31
63.66 72.41
85.49 44.48
59.74 75.27
23.60 24.52
89.31 1.61
48.73 99.77
48.62 37.22
43.46 70.44
49.89 22.67
3.72 46.04
71.88 42.91
56.54 67.64
7.76 73.18
40.02 74.97
13.81 92.35
9.73 9.24
17.36 44.08
69.49 89.30
93.21 55.39
50.63 12.31
35.77 19.83
91.51 69.43
38.43 87.62
33.02 73.01
81.30 71.57
73.74 89.84
32.67 49.08
87.42 86.26
50.28 63.29
84.23 5.40
45.46 47.83
43.59 96.15
71.93 43.19
15.90 21.13
84.18 5.88
54.44 75.75
93.83 13.91
38.00 56.82
26.43 9.06
34.19 83.73
58.87 7.73
78.53 94.35
23.40 62.27
10.84 87.47
52.21 5.33
81.95 73.77
30.23 74.71
2.93 56.47
41.63 65.71
26.80 19.33
88.27 62.68
8.48 73.92
47.12 52.48
81.72 75.67
59.55 20.07
94.45 31.39
59.48 0.79
99.92 17.22
58.20 6.73
0.24 21.86
71.80 13.45
6.35 77.18
38.19 97.79
59.98 48.64
32.43 60.15
9.59 29.08
81.57 10.51
47.24 4.57
57.86 5.67
20.82 59.51
7.28 1.19
95.13 21.90
85.36 91.55
51.83 29.73
94.05 57.01
35.33 21.97
80.61 33.47
81.84 45.89
28.26 31.12
36.42 49.51
78.32 16.98
69.07 38.14
59.30 79.22
47.33 86.50
9.95 71.24
77.24 46.65
66.16 66.00
13.08 75.14
44.69 7.25
27.67 63.44
0.28 98.32
97.22 24.11
41.13 79.40
47.47 6.13
32.37 72.75
28.09 35.19
25.54 66.58
12.76 59.04
27.91 30.67
26.03 75.45
66.58 68.83
55.81 29.37
1.50 96.45
10.83 93.73
10.80 58.31
97.52 58.09
53.46 59.53
70.40 24.52
67.14 70.65
79.79 32.67
90.66 84.85
40.58 36.14
77.39 49.05
4.15 58.83
36.53 74.28
35.24 79.88
27.00 80.78
79.21 94.93
12.93 96.96
53.38 31.58
87.67 31.86
23.81 44.72
0.80 50.50
31.03 70.11
55.07 70.09
61.99 39.05
69.55 95.05
92.34 85.18
56.27 73.48
83.65 61.27
58.98 9.71
47.52 68.81
9.17 69.45
30.63 87.92
23.03 85.24
34.82 57.47
99.40 23.99
63.69 59.50
14.95 67.65
39.28 87.11
0.41 85.95
9.24 7.56
33.58 91.62
21.83 2.33
66.60 78.22
1.93 49.68
39.48 33.26
98.78 15.42
68.08 92.27
11.28 88.89
83.76 4.53
28.31 7.10
47.65 88.64
35.28 88.13
73.31 52.52
50.55 33.78
71.84 39.09
39.41 89.88
37.98 45.31
41.64 92.67
62.84 70.21
80.73 10.56
54.03 69.64
15.10 90.73
74.35 33.96
40.26 21.66
5.46 85.48
44.26 10.95
43.90 86.00
35.00 29.45
16.14 15.38
72.59 87.01
94.71 19.91
53.21 21.14
41.56 9.33
10.35 17.13
31.21 8.49
82.21 8.12
63.20 61.83
88.90 21.41
52.84 57.42
36.70 97.60
16.78 55.15
2.56 29.52
23.70 96.99
29.10 14.52
81.73 84.65
40.15 46.70
66.82 44.61
93.56 44.46
8.59 28.47
83.49 12.97
35.06 11.07
58.62 82.31
1.73 76.02
72.30 10.70
23.92 87.54
82.87 63.91
77.83 17.77
10.58 30.98
71.10 86.01
44.35 15.74
32.03 98.26
19.83 56.57
64.24 94.33
11.17 69.78
97.81 48.76
57.33 21.06
42.57 16.20
50.10 47.18
39.52 37.69
96.58 61.97
28.39 84.38
6.86 2.82
90.45 71.83
81.82 71.67
4.12 24.53
16.23 14.85
2.40 1.75
57.76 43.84
67.93 54.05
37.18 26.47
98.25 27.57
19.62 21.78
1.14 80.33
85.77 66.82
79.71 17.94
47.73 92.67
19.97 83.43
82.07 23.53
85.15 71.78
55.48 17.62
7.55 8.96
15.69 5.75
75.07 9.27
83.93 31.00
35.98 8.26
16.90 27.70
46.20 0.41
78.50 41.40
5.09 52.78
47.41 15.29
39.05 6.41
21.69 81.57
12.09 49.13
30.18 85.46
92.63 72.77
72.68 6.77
38.01 40.75
97.30 61.91
52.43 92.97
60.51 15.49
38.88 29.73
86.22 86.18
59.16 63.27
32.89 81.03
71.54 25.13
92.01 23.74
54.78 62.49
0.41 32.58
19.14 14.41
70.29 21.97
15.98 4.26
75.91 43.03
89.65 38.42
45.34 15.21
55.69 68.34
65.14 97.52
11.88 3.60
86.78 59.16
32.16 86.23
77.50 66.03
40.89 65.93
81.12 76.84
46.37 50.04
68.93 91.30
37.99 7.68
95.81 19.61
32.19 66.53
34.90 18.39
30.97 15.19
20.79 56.18
8.71 23.03
42.56 81.22
39.49 68.71
0.52 17.04
43.67 12.06
17.85 84.90
32.98 48.45
16.14 10.39
43.58 79.27
51.96 40.55
3.86 20.67
48.38 82.01
98.19 86.89
9.99 8.10
37.74 1.11
10.20 62.18
15.03 20.99
99.47 43.17
73.21 8.08
67.49 86.40
84.74 65.99
63.90 90.43
87.80 64.04
41.73 29.08
83.87 65.55
34.75 98.88
36.01 58.72
26.07 8.66
39.25 75.06
17.89 60.68
98.07 87.21
14.06 97.60
63.40 6.16
30.47 26.10
57.71 62.47
29.78 80.20
12.08 61.38
1.54 88.54
95.24 91.43
74.29 86.35
83.88 11.90
22.15 4.08
75.16 18.55
48.80 90.86
46.24 3.36
65.84 14.39
23.24 83.71
33.55 58.02
78.97 66.92
84.28 73.58
3.40 88.72
73.96 10.97
27.08 90.99
56.63 19.23
20.58 95.18
60.35 84.01
33.08 91.55
22.56 96.28
7.58 67.91
60.43 22.58
55.99 58.41
83.25 77.28
76.49 85.34
4.01 98.31
50.95 94.57
34.46 52.40
33.50 41.24
61.11 18.21
11.18 39.25
60.74 71.60
75.95 36.31
79.95 47.15
64.50 77.56
79.19 77.47
98.87 84.10
91.56 70.39
63.88 62.16
34.72 46.55
94.16 26.70
75.84 89.12
8.28 91.14
30.24 89.72
80.93 83.09
73.23 65.53
84.92 11.24
49.59 16.71
3.92 65.99
50.56 97.94
31.83 21.46
74.45 30.24
73.34 32.57
88.24 14.28
73.50 45.15
68.05 48.65
84.64 92.79
45.69 39.16
50.03 74.36
47.96 47.40
83.81 45.73
61.73 20.46
80.32 35.88
26.67 37.17
37.30 68.34
39.30 28.89
10.70 31.78
44.35 88.71
86.05 30.38
19.37 4.34
71.46 34.56
35.43 22.26
95.94 30.34
38.80 85.22
30.07 52.07
79.91 43.07
61.73 87.70
35.14 17.95
26.92 64.50
70.61 45.82
13.18 18.00
4.46 7.08
19.21 10.16
57.31 8.72
96.86 70.25
90.07 9.43
95.78 27.05
48.06 1.57
47.09 12.87
3.14 46.38
40.88 19.73
46.76 49.89
60.82 44.76
16.46 91.87
43.42 25.66
58.80 54.45
98.92 64.27
36.95 21.78
98.51 59.98
26.01 47.41
4.74 3.37
0.86 38.17
5.69 22.31
17.75 31.57
58.04 98.29
44.85 32.89
34.31 55.04
30.50 32.57
70.00 69.06
22.97 78.98
77.40 91.87
22.64 18.75
4.80 34.96
